5 9 6
225 96 0 158 21 252 105 142 107
83 26 158 151 205 88 42 97 9
120 161 253 193 202 19 210 204 110
104 15 227 151 141 222 172 239 155
221 232 149 194 185 119 189 145 11
177 159 212 216 41 34 177 201 222
73 219 18 16 28 8 37 143 96
160 70 224 40 210 96 155 120 246
102 95 141 132 58 160 83 102 166
43 244 52 10 177 10 163 141 49
129 173 47 2 117 127 207 7 37
0 25 31 10 168 229 237 188 1
75 97 123 198 87 200 36 224 44
217 170 238 29 127 110 206 244 15
254 73 242 87 180 105 16 134 16
254 102 64 241 89 42 89 6 64
6 52 57 213 61 173 189 215 39
206 62 198 83 49 95 195 53 52
150 1 254 248 212 68 132 252 105
242 158 116 228 113 0 112 162 71
61 252 87 35 102 157 231 124 28
204 66 199 181 243 67 99 13 251
146 154 68 199 220 74 194 16 155
65 102 106 186 235 198 148 84 88
195 102 114 82 178 245 87 146 89
145 7 10 143 29 186 82 12 235
34 249 241 1 73 3 34 59 247
136 133 74 38 131 157 76 104 234
217 167 200 58 227 204 158 44 160
30 211 205 208 143 27 144 118 210
5
#Rx 2.5 4.5 3 170.4
#Ry 3.5 4.5 4 30.4
#Rz 2.5 4.5 3 -70.4
#S 3 4 2 0.8 -1.2 1.3
#T 0 1.4 -1.2
